  Feature 1    Feature 2     label
  0.63727611   0.85363817   1.00000000
  0.69958275   1.05286368   1.00000000
  0.59587488   1.09522169   1.00000000
  0.55050308   0.80703334   1.00000000
  0.47211922   1.03184702   1.00000000
  0.62482430   0.95038912   1.00000000
  0.63203614   0.98860407   1.00000000
  0.55957160   0.99657073   1.00000000
  0.56601219   0.97101734   1.00000000
  0.61184563   0.91931407   1.00000000
  0.60078496   0.98580651   1.00000000
  0.66102446   1.00633926   1.00000000
  0.63270892   0.86718044   1.00000000
  0.61231472   1.00225346   1.00000000
  0.55892055   0.94207356   1.00000000
  0.66077688   0.90267437   1.00000000
  0.57608091   0.97171630   1.00000000
  0.54663790   0.93933162   1.00000000
  0.59504521   1.07972675   1.00000000
  0.60044117   1.14922568   1.00000000
  0.47571329   0.98596951   1.00000000
  0.57991605   0.92480735   1.00000000
  0.64835774   0.99422870   1.00000000
  0.61236539   1.06028725   1.00000000
  0.59610090   0.92997076   1.00000000
  0.58883380   1.02386318   1.00000000
  0.61018631   1.06911384   1.00000000
  0.60830238   1.05139559   1.00000000
  0.62705583   1.04039678   1.00000000
  0.56180976   1.00651309   1.00000000
  0.52887514   0.90692926   1.00000000
  0.56951489   0.83046523   1.00000000
  0.64095622   1.03979689   1.00000000
  0.62057076   1.10891453   1.00000000
  0.53664613   1.04484489   1.00000000
  0.56736724   1.04139914   1.00000000
  0.59924372   0.80016219   1.00000000
  0.59050590   1.05674045   1.00000000
  0.59761277   0.99672042   1.00000000
  0.60061563   0.90503427   1.00000000
  0.63213025   0.93605984   1.00000000
  0.61514497   1.01404725   1.00000000
  0.55101025   0.94195612   1.00000000
  0.66908742   1.04912459   1.00000000
  0.57826055   0.93432044   1.00000000
  0.54782710   1.15641650   1.00000000
  0.62851982   0.90765841   1.00000000
  0.72736573   1.08206011   1.00000000
  0.56944206   1.13722045   1.00000000
  0.68400268   1.10433082   1.00000000
  0.71944039   0.98564455   1.00000000
  0.64697334   0.87427399   1.00000000
  0.60808243   0.95021443   1.00000000
  0.69806372   1.02395216   1.00000000
  0.69872500   1.01227342   1.00000000
  0.63570950   1.15809279   1.00000000
  0.74547986   1.12445732   1.00000000
  0.60695740   1.12917454   1.00000000
  0.68546731   0.95294228   1.00000000
  0.68869045   0.99501975   1.00000000
  0.71586958   1.13881192   1.00000000
  0.72197684   1.15411371   1.00000000
  0.65020710   0.83665751   1.00000000
  0.62755082   1.07191711   1.00000000
  0.64746818   1.10382939   1.00000000
  0.60339174   0.87440154   1.00000000
  0.59498036   0.96241136   1.00000000
  0.54209297   1.05753825   1.00000000
  0.67495581   0.92574430   1.00000000
  0.58095138   0.96430794   1.00000000
  0.53281621   1.12876793   1.00000000
  0.57073729   0.96818564   1.00000000
  0.53991925   1.01055831   1.00000000
  0.56543079   1.07930426   1.00000000
  0.61762435   1.03225637   1.00000000
  0.66786284   0.94593633   1.00000000
  0.61897276   0.97352514   1.00000000
  0.60944020   1.04453224   1.00000000
  0.66384412   0.85655836   1.00000000
  0.58863726   1.03749799   1.00000000
  0.59920160   1.05541708   1.00000000
  0.65909021   0.89611972   1.00000000
  0.66309184   0.99033438   1.00000000
  0.52539348   0.94002701   1.00000000
  0.62821891   1.17757256   1.00000000
  0.61316899   0.96406949   1.00000000
  0.54784062   1.01691616   1.00000000
  0.62961224   0.90070837   1.00000000
  0.59896230   1.08804512   1.00000000
  0.69668446   1.07957228   1.00000000
  0.60384475   1.02514207   1.00000000
  0.58657184   0.86914033   1.00000000
  0.52852841   0.88881280   1.00000000
  0.60049934   1.07367932   1.00000000
  0.51242058   0.89554770   1.00000000
  0.53591336   0.92264200   1.00000000
  0.66798277   1.14924593   1.00000000
  0.53302950   0.99810782   1.00000000
  0.55319705   1.02584109   1.00000000
  0.65194030   0.95478598   1.00000000
  0.62751825   1.09892897   1.00000000
  0.61159980   1.00307770   1.00000000
  0.61591305   1.02235095   1.00000000
  0.70203363   1.11277239   1.00000000
  0.69955566   0.98567498   1.00000000
  0.58719345   0.95548495   1.00000000
  0.67166186   0.97224900   1.00000000
  0.63802633   1.07357433   1.00000000
  0.58914602   1.05426731   1.00000000
  0.65768606   0.97055130   1.00000000
  0.51866849   1.03570657   1.00000000
  0.52247379   1.10822912   1.00000000
  0.70761735   1.14904998   1.00000000
  0.60350402   1.09659958   1.00000000
  0.60637612   1.13334658   1.00000000
  0.60967589   1.12058640   1.00000000
  0.62470979   1.07896243   1.00000000
  0.74431264   1.21630697   1.00000000
  0.62709817   1.01334524   1.00000000
  0.52248922   0.93780785   1.00000000
  0.52042493   1.13066457   1.00000000
  0.64456070   0.87554734   1.00000000
  0.51463594   0.89727508   1.00000000
  0.53534643   0.89454410   1.00000000
  0.64356483   1.04116773   1.00000000
  0.62975367   1.15771876   1.00000000
  0.60538949   1.01255988   1.00000000
  0.69447051   0.95122780   1.00000000
  0.63394835   1.00600955   1.00000000
  0.67503869   1.25215941   1.00000000
  0.48467883   1.16854996   1.00000000
  0.64187221   0.94514973   1.00000000
  0.63774410   0.94638772   1.00000000
  0.55345741   1.05888734   1.00000000
  0.70111231   0.91813529   1.00000000
  0.66022562   0.94676513   1.00000000
  0.74878503   1.04976731   1.00000000
  0.51624794   1.20181969   1.00000000
  0.57108831   1.07410168   1.00000000
  0.65736659   0.98028858   1.00000000
  0.64841947   1.01968854   1.00000000
  0.64233696   1.17354983   1.00000000
  0.66214477   0.92963033   1.00000000
  0.56396630   0.95200496   1.00000000
  0.54782976   1.06466575   1.00000000
  0.70503939   0.92642617   1.00000000
  0.63978263   1.06881799   1.00000000
  0.50931825   1.12399575   1.00000000
  0.53226552   1.04852813   1.00000000
  0.57236729   0.88820561   1.00000000
  0.70884787   1.00003291   1.00000000
  0.63448907   0.93876398   1.00000000
  0.56040850   1.04657702   1.00000000
  0.53371593   0.93410999   1.00000000
  0.53235251   0.93125773   1.00000000
  0.51904435   1.03310516   1.00000000
  0.57358412   0.83039442   1.00000000
  0.49715396   1.02051882   1.00000000
  0.54787348   0.90759931   1.00000000
  0.63629400   0.91063184   1.00000000
  0.51822780   0.95501802   1.00000000
  0.54855138   1.03037318   1.00000000
  0.64383755   0.92249594   1.00000000
  0.53436666   0.91863862   1.00000000
  0.62868022   0.92579872   1.00000000
  0.67343374   1.03501218   1.00000000
  0.58273948   1.07486518   1.00000000
  0.59178226   1.01071429   1.00000000
  0.58172933   1.18904125   1.00000000
  0.63488505   0.95915642   1.00000000
  0.59866736   1.06037653   1.00000000
  0.67969412   1.05401393   1.00000000
  0.58677297   0.96118688   1.00000000
  0.57966189   1.13306032   1.00000000
  0.68706539   0.91854306   1.00000000
  0.61359432   1.05826493   1.00000000
  0.67182882   0.98260585   1.00000000
  0.60092004   0.94263606   1.00000000
  0.80932880   1.04530766   1.00000000
  0.66716980   1.05727233   1.00000000
  0.60688738   0.99898154   1.00000000
  0.64781223   1.01486638   1.00000000
  0.65086043   1.01312316   1.00000000
  0.75021531   1.12888422   1.00000000
  0.56652711   0.99826788   1.00000000
  0.56708823   1.12438610   1.00000000
  0.64526622   0.98765355   1.00000000
  0.65762539   0.97250860   1.00000000
  0.52396331   0.97858370   1.00000000
  0.64056198   0.94096489   1.00000000
  0.68879765   0.92775680   1.00000000
  0.57294587   0.99216581   1.00000000
  0.66773977   1.06141131   1.00000000
  0.50044724   0.85970608   1.00000000
  0.59168113   1.00411184   1.00000000
  0.65805209   0.90449846   1.00000000
  0.55061786   0.94843160   1.00000000
  0.68448429   0.83584630   1.00000000
  0.64466919   1.05698599   1.00000000
  0.66725637   0.90028795   1.00000000
  0.50555406   1.02690313   1.00000000
  0.70330588   0.95352421   1.00000000
  0.58870401   1.08393121   1.00000000
  0.61681605   0.95801026   1.00000000
  0.61923832   0.99830377   1.00000000
  0.58183734   1.07394843   1.00000000
  0.61709600   1.16983362   1.00000000
  0.63133172   1.22339391   1.00000000
  0.61195271   1.00120190   1.00000000
  0.52089571   1.02374071   1.00000000
  0.61167920   1.09556481   1.00000000
  0.60283026   0.80673296   1.00000000
  0.62339750   1.11355731   1.00000000
  0.60667780   1.05190148   1.00000000
  0.55744210   1.02788321   1.00000000
  0.66685343   1.00779892   1.00000000
  0.64187766   1.14664222   1.00000000
  0.53629684   1.07702271   1.00000000
  0.63655745   0.82408635   1.00000000
  0.59912143   0.94024352   1.00000000
  0.54910561   1.03996949   1.00000000
  0.53769422   0.92737349   1.00000000
  0.65577463   0.80363365   1.00000000
  0.52764424   0.73968332   1.00000000
  0.70701503   0.86173889   1.00000000
  0.65429357   1.05868809   1.00000000
  0.58323074   0.94241768   1.00000000
  0.55564276   1.08222815   1.00000000
  0.59803314   1.14364721   1.00000000
  0.47233213   0.95585625   1.00000000
  0.56980812   0.88391653   1.00000000
  0.60782714   0.85555754   1.00000000
  0.60658845   1.05119083   1.00000000
  0.64920552   1.10009681   1.00000000
  0.62921678   0.94794402   1.00000000
  0.62272620   1.18755466   1.00000000
  0.58428758   1.09616653   1.00000000
  0.63863341   0.99920190   1.00000000
  0.63727691   0.88990576   1.00000000
  0.78828720   1.08336139   1.00000000
  0.62412229   0.95136012   1.00000000
  0.52433258   1.05803429   1.00000000
  0.59704215   0.81461766   1.00000000
  0.59122255   1.02437385   1.00000000
  0.56469633   0.90470331   1.00000000
  0.68103438   1.08455516   1.00000000
  0.48958404   1.04280084   1.00000000
  0.49583415   0.98869077   1.00000000
  0.59131648   0.75793043   1.00000000
  0.67074867   0.92716848   1.00000000
  0.63801721   0.99800627   1.00000000
  0.66090705   0.91818615   1.00000000
  0.54983778   1.04979261   1.00000000
  0.57751661   0.97367186   1.00000000
  0.56979542   0.88978155   1.00000000
  0.63317589   0.85639466   1.00000000
  0.69656496   1.04463549   1.00000000
  0.53836506   1.04019689   1.00000000
  0.76556135   0.89087786   1.00000000
  0.49079518   0.94476067   1.00000000
  0.60622266   1.13252722   1.00000000
  0.56071129   1.01005985   1.00000000
  0.60745114   1.15602912   1.00000000
  0.65559832   0.87225285   1.00000000
  0.54133929   0.93257017   1.00000000
  0.70969948   1.15823169   1.00000000
  0.63637076   1.04832098   1.00000000
  0.59334281   0.98320018   1.00000000
  0.60227817   1.00077181   1.00000000
  0.72325086   1.14287760   1.00000000
  0.44026097   1.11620817   1.00000000
  0.67809855   0.95765379   1.00000000
  0.60851028   0.85772671   1.00000000
  0.50857482   0.84670354   1.00000000
  0.68966788   0.76725509   1.00000000
  0.62925443   0.98448808   1.00000000
  0.66555321   0.98043023   1.00000000
  0.64278614   1.05131041   1.00000000
  0.59171748   1.13245094   1.00000000
  0.61393129   1.03901303   1.00000000
  0.58376553   0.99083216   1.00000000
  0.60036075   1.09467228   1.00000000
  0.57431553   0.79899276   1.00000000
  0.64871037   1.06166812   1.00000000
  0.71568678   0.96333054   1.00000000
  0.55226142   0.90510443   1.00000000
  0.54076551   0.92792289   1.00000000
  0.50310873   1.13064693   1.00000000
  0.69540442   1.08617315   1.00000000
  0.52176669   1.14728072   1.00000000
  0.64011620   1.20824653   1.00000000
  0.58751945   0.90022789   1.00000000
  0.70236443   1.17372692   1.00000000
  0.61101884   1.00557903   1.00000000
  0.60842919   1.18622217   1.00000000
  0.63080599   1.00411760   1.00000000
  0.43652927   1.04937600   1.00000000
  0.55379057   1.09135350   1.00000000
  0.63293241   0.84254083   1.00000000
  0.65662908   1.08384372   1.00000000
  0.68450956   1.04146155   1.00000000
  0.63449507   1.00406459   1.00000000
  0.59104768   0.90526541   1.00000000
  0.59369414   0.79002041   1.00000000
  0.59697486   0.80203009   1.00000000
  0.68985098   0.95650106   1.00000000
  0.62159561   1.04558916   1.00000000
  0.55974738   0.97241608   1.00000000
  0.58912705   1.07827198   1.00000000
  0.64398126   0.79229302   1.00000000
  0.64816027   1.01236787   1.00000000
  0.61821926   0.99059923   1.00000000
  0.74784754   0.95800890   1.00000000
  0.57559563   1.07792741   1.00000000
  0.55607745   0.98708506   1.00000000
  0.71259609   1.18174777   1.00000000
  0.59976460   1.01167598   1.00000000
  0.53674555   0.90279879   1.00000000
  0.53642081   1.01318532   1.00000000
  0.68642097   0.99227617   1.00000000
  0.50295938   1.04167450   1.00000000
  0.59668424   0.93683349   1.00000000
  0.64066398   0.89092072   1.00000000
  0.53731203   1.19648937   1.00000000
  0.63848039   1.13322551   1.00000000
  0.63865282   0.95756126   1.00000000
  0.55306340   0.89171839   1.00000000
  0.71606387   0.92553389   1.00000000
  0.60753791   0.91527240   1.00000000
  0.55835489   0.97821941   1.00000000
  0.49062835   1.01301107   1.00000000
  0.55715589   0.89257814   1.00000000
  0.61922160   1.03858749   1.00000000
  0.55785450   1.01587770   1.00000000
  0.58850419   1.06775905   1.00000000
  0.50622225   1.12803978   1.00000000
  0.54405697   0.89604665   1.00000000
  0.59862231   1.14972287   1.00000000
  0.67851091   1.01724553   1.00000000
  0.58842768   0.92242405   1.00000000
  0.58888268   0.93490252   1.00000000
  0.64841214   1.08073165   1.00000000
  0.58556905   0.83605145   1.00000000
  0.53328190   1.01016997   1.00000000
  0.55207867   0.95589443   1.00000000
  0.56932218   0.96809432   1.00000000
  0.67968745   0.97389744   1.00000000
  0.61307278   0.94073419   1.00000000
  0.65641338   1.01799549   1.00000000
  0.60919891   0.96964856   1.00000000
  0.54057556   1.00375918   1.00000000
  0.57936642   0.89369458   1.00000000
  0.56931303   1.07116223   1.00000000
  0.55959955   0.76662899   1.00000000
  0.67650720   0.87338676   1.00000000
  0.64420917   1.00105092   1.00000000
  0.61602627   1.06460287   1.00000000
  0.62772650   0.97063246   1.00000000
  0.52844661   1.01683981   1.00000000
  0.62280023   1.09403974   1.00000000
  0.53260345   1.00375351   1.00000000
  0.66056252   0.94074675   1.00000000
  0.62982468   1.05756455   1.00000000
  0.58119485   1.00897812   1.00000000
  0.51876488   1.11617838   1.00000000
  0.57620142   1.06232128   1.00000000
  0.46090999   1.01238818   1.00000000
  0.51226929   1.00598665   1.00000000
  0.54233430   1.12963916   1.00000000
  0.64489824   0.96598422   1.00000000
  0.60842348   1.03073962   1.00000000
  0.60953784   1.13983051   1.00000000
  0.67180400   0.87432239   1.00000000
  0.62393253   0.99990716   1.00000000
  0.56580971   0.89190510   1.00000000
  0.50514780   1.05623477   1.00000000
  0.53102993   0.82610807   1.00000000
  0.58184351   0.85346090   1.00000000
  0.66659830   0.89232578   1.00000000
  0.60903948   0.98940856   1.00000000
  0.60689852   1.04381787   1.00000000
  0.56204420   0.92848785   1.00000000
  0.56665383   0.99984801   1.00000000
  0.72333778   0.96508630   1.00000000
  0.70176051   0.87669889   1.00000000
  0.66893924   0.94457668   1.00000000
  0.58739401   0.92077899   1.00000000
  0.55868759   0.96037858   1.00000000
  0.52720592   1.07286678   1.00000000
  0.63796880   0.92452719   1.00000000
  0.57637239   1.04427463   1.00000000
  0.64103133   1.09672497   1.00000000
  0.59449163   0.96871684   1.00000000
  0.46463943   1.03085819   1.00000000
  0.62227974   0.85639814   1.00000000
  0.48471060   0.96358561   1.00000000
  0.60590514   0.97690415   1.00000000
  0.58176856   0.97619174   1.00000000
  0.62749532   1.04151762   1.00000000
  0.62785710   0.85956090   1.00000000
  0.54220476   1.06630352   1.00000000
  0.71132305   1.05372259   1.00000000
  0.72331970   1.03416869   1.00000000
  0.71674264   1.02083857   1.00000000
  0.56712485   1.02025685   1.00000000
  0.57316839   0.97425443   1.00000000
  0.73013044   0.90713393   1.00000000
  0.71333672   0.90303615   1.00000000
  0.64999786   1.06235223   1.00000000
  0.60622938   0.78959099   1.00000000
  0.59121754   1.18542546   1.00000000
  0.52958614   0.99913155   1.00000000
  0.57233703   0.94382706   1.00000000
  0.51791865   1.00808926   1.00000000
  0.50929213   0.92775324   1.00000000
  0.65870431   0.94977440   1.00000000
  0.70004742   1.00741000   1.00000000
  0.58793555   0.86057017   1.00000000
  0.60306165   0.96165167   1.00000000
  0.61491622   1.14643015   1.00000000
  0.57426240   1.05819982   1.00000000
  0.60253773   0.86283663   1.00000000
  0.61647425   1.03364398   1.00000000
  0.61812768   0.92198223   1.00000000
  0.55010614   1.02529772   1.00000000
  0.58773854   1.06201769   1.00000000
  0.59375031   1.01201994   1.00000000
  0.55588664   1.08738936   1.00000000
  0.66430509   1.00787203   1.00000000
  0.65841582   1.07881087   1.00000000
  0.70076239   1.01207687   1.00000000
  0.67419882   0.94573355   1.00000000
  0.73627244   1.20511690   1.00000000
  0.58327217   1.04544958   1.00000000
  0.66448780   1.02215453   1.00000000
  0.65574494   1.16063325   1.00000000
  0.55054917   1.05187980   1.00000000
  0.65856010   0.88881158   1.00000000
  0.49707208   1.10460617   1.00000000
  0.54791872   0.99192683   1.00000000
  0.51167782   1.07872989   1.00000000
  0.63332991   0.89062727   1.00000000
  0.48986346   1.05849226   1.00000000
  0.54455109   0.89668568   1.00000000
  0.71140345   0.91034052   1.00000000
  0.60252789   1.01143466   1.00000000
  0.48542599   0.92111588   1.00000000
  0.58308292   1.02700535   1.00000000
  0.61574024   1.14221822   1.00000000
  0.58476555   0.92155541   1.00000000
  0.65573788   0.79224837   1.00000000
  0.59211749   0.81613215   1.00000000
  0.57147222   0.95548126   1.00000000
  0.75768362   0.96992800   1.00000000
  0.59643858   1.05211127   1.00000000
  0.63867101   1.01124673   1.00000000
  0.57295154   0.93047422   1.00000000
  0.58265876   0.97372302   1.00000000
  0.60851207   0.97124297   1.00000000
  0.50618545   1.07097700   1.00000000
  0.59310229   1.00129231   1.00000000
  0.64435214   1.03513688   1.00000000
  0.51496676   0.94761274   1.00000000
  0.59435044   0.80626723   1.00000000
  0.64312639   0.87371300   1.00000000
  0.63163379   0.97187421   1.00000000
  0.52397325   1.00718553   1.00000000
  0.58243043   0.95609350   1.00000000
  0.65765378   0.75165161   1.00000000
  0.59397915   0.89328156   1.00000000
  0.63912989   1.08572736   1.00000000
  0.57190930   1.03399864   1.00000000
  0.59149755   0.88306424   1.00000000
  0.63013413   0.84299191   1.00000000
  0.56562764   0.90302115   1.00000000
  0.65168016   0.97215442   1.00000000
  0.55805267   0.81340307   1.00000000
  0.60459723   0.82701954   1.00000000
  0.56906728   0.92013974   1.00000000
  0.61900896   0.88692233   1.00000000
  0.62384484   1.04499867   1.00000000
  0.53365127   1.04980384   1.00000000
  0.69237852   0.82956988   1.00000000
  0.49104200   1.01574851   1.00000000
  0.60285310   0.99407485   1.00000000
  0.52493794   0.94513352   1.00000000
  0.62296057   1.02206117   1.00000000
  0.62238437   1.04275382   1.00000000
  0.55916133   0.95294883   1.00000000
  0.64134606   1.11927390   1.00000000
  0.59444074   0.92606804   1.00000000
  0.52966363   0.83136330   1.00000000
  0.64353621   0.91449774   1.00000000
  0.59167793   1.21754343   1.00000000
  0.60438337   1.06163410   1.00000000
  0.65314458   0.91778940   1.00000000
  0.55202705   1.14229528   1.00000000
  0.54235459   1.18527276   1.00000000
  0.67352772   1.03930286   1.00000000
  0.64719544   1.07316909   1.00000000
  0.73381107   0.93698610   1.00000000
  0.67880714   1.25327186   1.00000000
  0.66711757   1.04823212   1.00000000
  0.54987857   0.85953072   1.00000000
  0.72668805   1.11221107   1.00000000
  0.61673028   1.24606794   1.00000000
  0.50808926   0.95557003   1.00000000
  0.54076734   0.84516201   1.00000000
  0.68838176   1.02623514   1.00000000
  0.67525066   1.04199979   1.00000000
  0.67247137   1.02954244   1.00000000
  0.57555991   1.14512811   1.00000000
  0.51568060   0.91365459   1.00000000
  0.56787844   1.02457294   1.00000000
  0.60927710   0.85589401   1.00000000
  0.50937041   1.03674584   1.00000000
  0.56647201   0.88592365   1.00000000
  0.58590702   0.82329206   1.00000000
  0.48483214   0.91651345   1.00000000
  0.54447931   1.12222440   1.00000000
  0.53110080   1.00338885   1.00000000
  0.61105686   0.95758666   1.00000000
  0.55744840   0.84235938   1.00000000
  0.62557383   0.89811456   1.00000000
  0.63734082   1.11552558   1.00000000
  0.52623952   0.90546844   1.00000000
  0.60246327   1.14062622   1.00000000
  0.51863645   0.98342026   1.00000000
  0.54584837   0.87461903   1.00000000
  0.71883165   1.13260803   1.00000000
  0.67169280   0.87704262   1.00000000
  0.65884771   1.19316680   1.00000000
  0.71010415   0.80030179   1.00000000
  0.54377972   1.08299077   1.00000000
  0.68028712   0.80644945   1.00000000
  0.62249590   0.91217886   1.00000000
  0.63951997   1.03058058   1.00000000
  0.57423600   1.12247614   1.00000000
  0.59171852   1.02034149   1.00000000
  0.61495621   0.95402382   1.00000000
  0.57076538   0.96302229   1.00000000
  0.62028148   1.01395580   1.00000000
  0.57952607   1.07778132   1.00000000
  0.56261729   0.92597199   1.00000000
  0.60173680   1.09325660   1.00000000
  0.61880046   0.90651430   1.00000000
  0.64541582   0.96650289   1.00000000
  0.61826868   1.04426454   1.00000000
  0.54854682   0.81414343   1.00000000
  0.68632026   1.04316803   1.00000000
  0.52950360   0.87498830   1.00000000
  0.61510748   0.98383143   1.00000000
  0.55346625   0.93792303   1.00000000
  0.58295802   0.78957719   1.00000000
  0.55846608   0.73640407   1.00000000
  0.56244742   1.09147109   1.00000000
  0.65385847   1.12519169   1.00000000
  0.68731545   1.11490858   1.00000000
  0.67464034   1.08353864   1.00000000
  0.59076840   1.14980937   1.00000000
  0.62317309   1.05779233   1.00000000
  0.47596929   0.97320251   1.00000000
  0.58500101   1.00678685   1.00000000
  0.59188894   1.12058729   1.00000000
  0.66580820   1.08638129   1.00000000
  0.57769608   1.11483299   1.00000000
  0.57748584   1.02653284   1.00000000
  0.67331245   0.80076404   1.00000000
  0.60184289   0.97450107   1.00000000
  0.51085663   1.14268603   1.00000000
  0.57860788   1.05902036   1.00000000
  0.57873826   0.94945569   1.00000000
  0.64407256   1.02247330   1.00000000
  0.58520941   0.81893316   1.00000000
  0.47807077   1.04419755   1.00000000
  0.63661125   1.01184275   1.00000000
  0.63817145   1.10771893   1.00000000
  0.64370892   0.79128126   1.00000000
  0.67540974   0.93975316   1.00000000
  0.67084179   0.98695239   1.00000000
  0.55643155   1.14693769   1.00000000
  0.59912359   0.99817704   1.00000000
  0.52540514   0.89649278   1.00000000
  0.63964279   0.88501224   1.00000000
  0.60155822   0.97763783   1.00000000
  0.65511526   0.93387529   1.00000000
  0.73825403   1.04837318   1.00000000
  0.52878939   0.97508535   1.00000000
  0.58373509   1.03136884   1.00000000
  0.68721089   1.12228871   1.00000000
  0.62457528   0.95197962   1.00000000
  0.63112607   0.85676650   1.00000000
  0.58689227   0.92174901   1.00000000
  0.69663114   1.02159778   1.00000000
  0.52639388   0.86508286   1.00000000
  0.66260572   0.90147883   1.00000000
  0.72797823   0.92639442   1.00000000
  0.59284026   0.85146727   1.00000000
  0.64653927   1.15856330   1.00000000
  0.57785304   1.10512780   1.00000000
  0.51161657   0.93207366   1.00000000
  0.54886822   0.99885695   1.00000000
  0.63490276   0.98383889   1.00000000
  0.59555680   0.89885145   1.00000000
  0.65124226   1.04639782   1.00000000
  0.59842506   0.91249950   1.00000000
  0.65881244   0.98235427   1.00000000
  0.66594219   1.18694288   1.00000000
  0.63622226   1.03398994   1.00000000
  0.64947246   0.92141187   1.00000000
  0.64178698   1.03809826   1.00000000
  0.55015822   0.90491066   1.00000000
  0.64375254   1.17023100   1.00000000
  0.52809038   0.90156717   1.00000000
  0.52532858   1.04650512   1.00000000
  0.56132153   0.87620054   1.00000000
  0.64141090   0.90377405   1.00000000
  0.64252098   1.02523577   1.00000000
  0.63046871   0.89830075   1.00000000
  0.58813183   0.98797656   1.00000000
  0.75153870   1.03502660   1.00000000
  0.59292735   0.94851846   1.00000000
  0.64896712   0.97745693   1.00000000
  0.51880071   1.11513012   1.00000000
  0.53581087   0.90177974   1.00000000
  0.56114590   1.01625975   1.00000000
  0.60109901   0.87760056   1.00000000
  0.65118768   1.13518028   1.00000000
  0.64356036   0.91922810   1.00000000
  0.58871586   0.99039121   1.00000000
  0.69387086   1.16348661   1.00000000
  0.64718605   1.02532183   1.00000000
  0.53944203   0.90519813   1.00000000
  0.61226090   0.94625591   1.00000000
  0.64369066   0.93373204   1.00000000
  0.60893481   1.10115143   1.00000000
  0.66908269   1.16086845   1.00000000
  0.52957907   0.97765103   1.00000000
  0.73628736   1.02325735   1.00000000
  0.59642095   0.99521284   1.00000000
  0.52487684   0.81541317   1.00000000
  0.65268259   1.00024875   1.00000000
  0.64564737   1.05525081   1.00000000
  0.54489961   1.04109285   1.00000000
  0.58156394   1.13011207   1.00000000
  0.46314490   1.04571479   1.00000000
  0.51135227   0.98032975   1.00000000
  0.60629605   1.05592429   1.00000000
  0.61694106   1.00101384   1.00000000
  0.61044912   0.89155693   1.00000000
  0.65322563   1.05224646   1.00000000
  0.68113816   1.16413735   1.00000000
  0.64326855   0.98153842   1.00000000
  0.67644172   1.20549554   1.00000000
  0.55330204   0.88932860   1.00000000
  0.51313963   1.15676815   1.00000000
  0.61675440   0.91813439   1.00000000
  0.65563619   0.98806155   1.00000000
  0.54774969   0.94344221   1.00000000
  0.56626700   1.11816722   1.00000000
  0.54830348   0.77977619   1.00000000
  0.55718805   1.15688529   1.00000000
  0.65874815   1.10677006   1.00000000
  0.60679700   0.93022966   1.00000000
  0.56181606   0.98050148   1.00000000
  0.54424692   1.03082834   1.00000000
  0.57771198   1.00164232   1.00000000
  0.72271931   1.10279686   1.00000000
  0.52252591   0.87972321   1.00000000
  0.53058661   1.10631316   1.00000000
  0.60349982   1.04539152   1.00000000
  0.60788763   0.98397864   1.00000000
  0.58626964   1.03549640   1.00000000
  0.68692828   1.13126418   1.00000000
  0.47590552   1.01388414   1.00000000
  0.56071620   1.07241888   1.00000000
  0.63731141   1.05094711   1.00000000
  0.71725719   1.05504977   1.00000000
  0.55088888   1.09398434   1.00000000
  0.60962077   1.01060655   1.00000000
  0.56977737   1.09476909   1.00000000
  0.71335742   1.15585479   1.00000000
  0.57762615   1.03582562   1.00000000
  0.58911581   0.91202277   1.00000000
  0.68547450   1.18092104   1.00000000
  0.62931572   0.98315215   1.00000000
  0.54257998   0.93024174   1.00000000
  0.65713859   0.94208228   1.00000000
  0.60212295   1.09970490   1.00000000
  0.64146641   1.16065425   1.00000000
  0.62672566   0.98966536   1.00000000
  0.64155429   1.09694933   1.00000000
  0.58006103   1.11302710   1.00000000
  0.64044436   1.00096732   1.00000000
  0.64524715   0.97203538   1.00000000
  0.58449304   0.86942877   1.00000000
  0.58205859   1.19459868   1.00000000
  0.63895357   1.12847309   1.00000000
  0.63554504   1.01971087   1.00000000
  0.62395760   0.89992927   1.00000000
  0.64719491   0.91042297   1.00000000
  0.67862637   0.96874246   1.00000000
  0.61359181   0.94450236   1.00000000
  0.57427903   1.25346129   1.00000000
  0.65522192   0.87969980   1.00000000
  0.66958765   0.97975060   1.00000000
  0.65853677   1.13888175   1.00000000
  0.67765522   0.92848621   1.00000000
  0.61282988   0.89954658   1.00000000
  0.54009569   1.07049815   1.00000000
  0.52362973   0.89684026   1.00000000
  0.58749442   0.80854276   1.00000000
  0.62083323   0.81273825   1.00000000
  0.55936572   0.75354592   1.00000000
  0.76347661   0.98147102   1.00000000
  0.53844525   1.03500338   1.00000000
  0.51020088   0.91460287   1.00000000
  0.52941134   0.98235767   1.00000000
  0.65923206   1.01104123   1.00000000
  0.56909259   1.23966704   1.00000000
  0.57670628   1.09805976   1.00000000
  0.65905119   0.88629297   1.00000000
  0.51781059   0.95255994   1.00000000
  0.56260294   0.97065851   1.00000000
  0.65354071   1.24072966   1.00000000
  0.59317538   0.94813691   1.00000000
  0.62079925   1.05485302   1.00000000
  0.62274392   0.89873499   1.00000000
  0.67297087   0.97209243   1.00000000
  0.59497528   0.86993815   1.00000000
  0.64154864   0.96276492   1.00000000
  0.65188215   0.93601918   1.00000000
  0.54030608   0.80890769   1.00000000
  0.54795722   1.10657371   1.00000000
  0.62400234   1.09634477   1.00000000
  0.58785050   0.86915269   1.00000000
  0.64080236   1.02699422   1.00000000
  0.61389089   0.90863120   1.00000000
  0.70608969   1.08613278   1.00000000
  0.61950166   1.04238191   1.00000000
  0.58452685   0.80714718   1.00000000
  0.59019315   1.04967359   1.00000000
  0.62463946   0.96733648   1.00000000
  0.60859838   0.92264411   1.00000000
  0.55716753   1.01477990   1.00000000
  0.59940816   0.89717520   1.00000000
  0.72370675   0.91945501   1.00000000
  0.55888017   1.01546820   1.00000000
  0.72075543   1.08904580   1.00000000
  0.70777712   1.10916251   1.00000000
  0.51024325   1.02520050   1.00000000
  0.55786906   0.97069624   1.00000000
  0.58465459   1.05165461   1.00000000
  0.55791884   1.08204373   1.00000000
  0.57552461   1.10485149   1.00000000
  0.68754890   1.23459419   1.00000000
  0.62398603   1.04731390   1.00000000
  0.54668708   0.78155223   1.00000000
  0.59936643   0.78029388   1.00000000
  0.69122887   0.97516237   1.00000000
  0.61093109   1.09143314   1.00000000
  0.60070820   0.89305673   1.00000000
  0.56092201   1.16255475   1.00000000
  0.64473560   1.17162935   1.00000000
  0.54634784   0.85504605   1.00000000
  0.73801213   0.90132050   1.00000000
  0.56202351   0.83476698   1.00000000
  0.64874971   0.98128709   1.00000000
  0.59942147   0.97841543   1.00000000
  0.63500840   1.01011415   1.00000000
  0.70895610   0.91614996   1.00000000
  0.63441639   1.02233034   1.00000000
  0.61827138   0.83344384   1.00000000
  0.61891697   1.07577779   1.00000000
  0.59748290   1.15470393   1.00000000
  0.53494152   1.05859385   1.00000000
  0.60252951   1.00419904   1.00000000
  0.58456103   0.96070127   1.00000000
  0.58064874   0.91994743   1.00000000
  0.59377993   0.87430727   1.00000000
  0.73711411   1.16664939   1.00000000
  0.72897674   1.05799089   1.00000000
  0.55810299   1.08901497   1.00000000
  0.64203463   1.07681499   1.00000000
  0.74456161   0.85537803   1.00000000
  0.58249718   0.80462764   1.00000000
  0.56079476   1.01109663   1.00000000
  0.59197725   1.11867804   1.00000000
  0.55748988   1.04793044   1.00000000
  0.59178055   0.89067687   1.00000000
  0.56853531   0.87511994   1.00000000
  0.54641300   1.09525759   1.00000000
  0.65951856   1.21990514   1.00000000
  0.50630188   0.97845413   1.00000000
  0.63959314   1.03622557   1.00000000
  0.48167823   0.86791425   1.00000000
  0.72238711   1.02086341   1.00000000
  0.54192192   1.00398031   1.00000000
  0.65250711   0.92282953   1.00000000
  0.57780351   0.94621424   1.00000000
  0.58636668   0.94678717   1.00000000
  0.66037107   1.01368793   1.00000000
  0.65519098   1.05815836   1.00000000
  0.67346829   1.12761079   1.00000000
  0.65584695   0.89731129   1.00000000
  0.55871426   1.02045406   1.00000000
  0.61495759   1.02288028   1.00000000
  0.55067161   1.01705530   1.00000000
  0.70572785   1.09290738   1.00000000
  0.67642717   1.05796285   1.00000000
  0.59855577   0.93643995   1.00000000
  0.62134181   0.94917263   1.00000000
  0.54471121   0.96233792   1.00000000
  0.55929464   1.06350754   1.00000000
  0.70548661   1.17968776   1.00000000
  0.54245555   0.99493143   1.00000000
  0.56577462   1.06432358   1.00000000
  0.58977379   1.12899750   1.00000000
  0.48993727   1.08745024   1.00000000
  0.55278663   0.96335817   1.00000000
  0.61387390   1.03066833   1.00000000
  0.59819029   0.96203764   1.00000000
  0.61236789   0.94016835   1.00000000
  0.50333109   1.02621387   1.00000000
  0.62159758   0.96811944   1.00000000
  0.60387326   1.09021592   1.00000000
  0.60978977   1.01214521   1.00000000
  0.72704981   0.96877330   1.00000000
  0.62138291   0.96263916   1.00000000
  0.51966008   1.00898968   1.00000000
  0.59530005   1.02879229   1.00000000
  0.70446525   0.98198513   1.00000000
  0.56182000   0.86810487   1.00000000
  0.61939911   1.04306801   1.00000000
  0.55615093   1.14480456   1.00000000
  0.53686648   1.11419046   1.00000000
  0.69325263   0.87709382   1.00000000
  0.69247787   1.05170130   1.00000000
  0.69099295   1.04901249   1.00000000
  0.64303904   1.08156775   1.00000000
  0.58182070   0.88454745   1.00000000
  0.61468888   1.19740693   1.00000000
  0.63119731   0.87374851   1.00000000
  0.63322305   0.96558073   1.00000000
  0.52866842   0.91357933   1.00000000
  0.65697839   1.01044392   1.00000000
  0.55982634   0.81377782   1.00000000
  0.58895416   1.08164673   1.00000000
  0.67561610   1.11813789   1.00000000
  0.62449387   1.26424140   1.00000000
  0.54841762   0.92504117   1.00000000
  0.53679450   1.10441053   1.00000000
  0.66472252   1.04821887   1.00000000
  0.62736084   1.11805105   1.00000000
  0.54644641   1.02591484   1.00000000
  0.71829450   0.79724167   1.00000000
  0.69095713   0.95008928   1.00000000
  0.61163460   0.98540658   1.00000000
  0.59774114   1.06790348   1.00000000
  0.53207228   0.95869041   1.00000000
  0.58829922   1.06133617   1.00000000
  0.60027518   1.13098780   1.00000000
  0.62121884   0.89054782   1.00000000
  0.59102034   0.90845610   1.00000000
  0.58139652   0.99485044   1.00000000
  0.54621497   1.11245583   1.00000000
  0.48071993   0.95378295   1.00000000
  0.59648255   1.04587603   1.00000000
  0.51463468   1.07793423   1.00000000
  0.66966619   0.91670198   1.00000000
  0.68944275   1.00831342   1.00000000
  0.59519171   1.16188252   1.00000000
  0.66166042   0.98240140   1.00000000
  0.56254945   1.04848223   1.00000000
  0.70841469   0.97042265   1.00000000
  0.59136462   1.07448300   1.00000000
  0.51849894   1.05462351   1.00000000
  0.71321744   1.09337739   1.00000000
  0.62708290   1.04228488   1.00000000
  0.68058989   1.08657992   1.00000000
  0.62864309   1.03508183   1.00000000
  0.66602306   1.20341749   1.00000000
  0.63601736   0.88656965   1.00000000
  0.65298321   1.18480232   1.00000000
  0.56798692   0.94409107   1.00000000
  0.57493201   0.92273417   1.00000000
  0.70326707   0.81750347   1.00000000
  0.68876300   0.92717586   1.00000000
  0.54960828   0.95477608   1.00000000
  0.54107651   0.91742767   1.00000000
  0.50902195   1.12673462   1.00000000
  0.58629787   1.01997599   1.00000000
  0.60805410   1.11435842   1.00000000
  0.56916252   0.94213245   1.00000000
  0.70144923   1.00694598   1.00000000
  0.59744518   0.85781110   1.00000000
  0.62924950   0.93380751   1.00000000
  0.70384827   1.14895286   1.00000000
  0.67674201   0.94343790   1.00000000
  0.61954885   1.09255830   1.00000000
  0.50339093   0.97137139   1.00000000
  0.65398252   1.13778095   1.00000000
  0.61970196   1.00544975   1.00000000
  0.71905848   0.97120498   1.00000000
  0.66602016   0.87622864   1.00000000
  0.53207902   0.98132188   1.00000000
  0.59874065   0.95659193   1.00000000
  0.62344302   1.03856961   1.00000000
  0.58024809   1.02236176   1.00000000
  0.64935306   0.95255750   1.00000000
  0.61719097   1.11074753   1.00000000
  0.51710831   1.03525227   1.00000000
  0.53889532   1.18647370   1.00000000
  0.67446238   0.94511607   1.00000000
  0.69502639   0.84917188   1.00000000
  0.64139562   1.10373306   1.00000000
  0.49185932   1.09303207   1.00000000
  0.66139912   1.10650938   1.00000000
  0.48950211   1.11903910   1.00000000
  0.58970167   0.88392258   1.00000000
  0.65121226   0.92479903   1.00000000
  0.53887830   0.97592724   1.00000000
  0.56184514   0.99265562   1.00000000
  0.60282124   1.03276801   1.00000000
  0.53676797   0.82081234   1.00000000
  0.52774624   0.85231663   1.00000000
  0.54784552   0.88020281   1.00000000
  0.66060735   0.95447722   1.00000000
  0.57844243   1.05482585   1.00000000
  0.51340539   1.05021608   1.00000000
  0.56871166   1.13785648   1.00000000
  0.54330011   1.01594316   1.00000000
  0.63903145   1.10984396   1.00000000
  0.58734681   1.05067564   1.00000000
  0.67698641   0.95113712   1.00000000
  0.66369269   0.89326756   1.00000000
  0.72577791   0.87541012   1.00000000
  0.61900597   1.05463317   1.00000000
  0.70761751   0.89849147   1.00000000
  0.74276818   0.87902345   1.00000000
  0.63891342   0.91132523   1.00000000
  0.65155270   0.97366769   1.00000000
  0.61832482   1.06470027   1.00000000
  0.61608925   0.99351458   1.00000000
  0.56612367   0.93004798   1.00000000
  0.66391724   0.97237441   1.00000000
  0.60223958   1.02002755   1.00000000
  0.64328943   1.18437013   1.00000000
  0.64078497   1.13068884   1.00000000
  0.51896478   1.09676641   1.00000000
  0.58181191   1.05038758   1.00000000
  0.57343337   0.82554622   1.00000000
  0.68318595   0.93737761   1.00000000
  0.62670042   1.01863793   1.00000000
  0.62835355   0.93562507   1.00000000
  0.51811182   1.19943287   1.00000000
  0.58832814   0.83401372   1.00000000
  0.61386968   0.93860871   1.00000000
  0.61500026   0.85258608   1.00000000
  0.65272328   0.86636797   1.00000000
  0.60801454   0.93541064   1.00000000
  0.59455560   1.02405227   1.00000000
  0.63649989   0.94318263   1.00000000
  0.63962461   0.92114681   1.00000000
  0.60329155   1.02033371   1.00000000
  0.62633142   0.85315780   1.00000000
  0.58497629   1.03707591   1.00000000
  0.64559196   1.13850618   1.00000000
  0.67814095   1.15076671   1.00000000
  0.69917434   0.89466485   1.00000000
  0.51703972   0.80309728   1.00000000
  0.58635116   1.05279333   1.00000000
  0.56590969   0.91737428   1.00000000
  0.65443819   0.96024099   1.00000000
  0.62073182   0.81090147   1.00000000
  0.63719018   1.08252757   1.00000000
  0.59210413   1.04900829   1.00000000
  0.69943079   0.97844004   1.00000000
  0.39885829   0.77312263   1.00000000
  0.66606140   0.92237842   1.00000000
  0.65240588   0.90198519   1.00000000
  0.50831970   1.09542672   1.00000000
  0.59005392   1.09859988   1.00000000
  0.53949558   1.13175874   1.00000000
  0.57647191   1.04327990   1.00000000
  0.66296740   0.99544761   1.00000000
  0.67316602   0.85082127   1.00000000
  0.57516616   0.87095310   1.00000000
  0.51263051   1.06210506   1.00000000
  0.63423255   1.01366712   1.00000000
  0.63341756   0.93585981   1.00000000
  0.66446201   0.86933826   1.00000000
  0.61295856   1.10426262   1.00000000
  0.63359158   0.96251576   1.00000000
  0.62674401   0.90356796   1.00000000
  0.69445229   0.87348852   1.00000000
  0.69801993   1.02778176   1.00000000
  0.58404973   1.05312096   1.00000000
  0.68820228   0.88402229   1.00000000
  0.59641681   0.88664864   1.00000000
  0.97179714   0.94898550   2.00000000
  1.11435904   0.97891783   2.00000000
  1.15155006   1.25351817   2.00000000
  1.16161614   1.04859389   2.00000000
  0.80660735   1.11682564   2.00000000
  0.99079009   0.89506861   2.00000000
  0.96935136   0.97777288   2.00000000
  1.00423267   1.09604351   2.00000000
  0.98909656   1.04516023   2.00000000
  0.93937777   1.11422764   2.00000000
  0.93353834   1.10743792   2.00000000
  1.01987072   1.01153727   2.00000000
  0.97973235   1.08960061   2.00000000
  0.86295852   0.81282969   2.00000000
  1.01615323   1.19474768   2.00000000
  1.04348665   1.24202472   2.00000000
  1.08527546   1.07646953   2.00000000
  0.98588471   0.94969260   2.00000000
  1.01018708   0.98135435   2.00000000
  0.83856353   1.19447440   2.00000000
  1.15997468   0.93708063   2.00000000
  1.00878548   1.00291040   2.00000000
  1.26325297   1.00886225   2.00000000
  1.04025847   0.99470485   2.00000000
  1.24688004   1.08245161   2.00000000
  0.89657945   1.20505732   2.00000000
  0.69971667   0.99408962   2.00000000
  0.90215849   0.96244913   2.00000000
  0.99745719   1.03941366   2.00000000
  0.91803951   0.90802977   2.00000000
  1.09168163   1.24123162   2.00000000
  1.08696111   1.01362937   2.00000000
  0.93023644   0.99261347   2.00000000
  1.02381418   0.95842035   2.00000000
  1.09239077   0.92808833   2.00000000
  0.97326018   1.26213491   2.00000000
  0.87915300   0.88131940   2.00000000
  0.94454934   0.97531547   2.00000000
  1.22629243   0.96368350   2.00000000
  0.97347568   0.89550888   2.00000000
  1.10318123   1.12339533   2.00000000
  0.95242203   0.91030753   2.00000000
  1.12907050   0.79076958   2.00000000
  0.98907465   1.09545215   2.00000000
  1.00523804   0.94440560   2.00000000
  1.28461672   0.93016381   2.00000000
  1.03855628   1.06315909   2.00000000
  0.84306994   1.01163542   2.00000000
  0.83393805   0.99895384   2.00000000
  0.89094239   0.86847469   2.00000000
  0.76443295   1.16481545   2.00000000
  1.22239789   0.88812961   2.00000000
  0.90882667   0.89590457   2.00000000
  1.10002293   1.02188541   2.00000000
  0.96334204   1.08284820   2.00000000
  0.97476786   1.07499778   2.00000000
  1.02731673   1.08089181   2.00000000
  1.19711159   0.92646916   2.00000000
  0.86949278   1.10936517   2.00000000
  0.83784796   0.94370802   2.00000000
  0.85290715   0.94372160   2.00000000
  0.87447173   1.03676197   2.00000000
  0.97066154   0.98749541   2.00000000
  0.91829957   1.08287292   2.00000000
  1.10779781   1.06878932   2.00000000
  1.01679840   1.05023079   2.00000000
  1.09764766   0.94081323   2.00000000
  0.91706901   0.82161104   2.00000000
  0.97460603   1.10799130   2.00000000
  0.98270333   1.12855250   2.00000000
  1.06805853   1.11591941   2.00000000
  1.14147992   1.08874044   2.00000000
  0.87756360   0.89050411   2.00000000
  0.87321064   1.01531570   2.00000000
  0.85447636   0.91820604   2.00000000
  0.90570235   1.01594907   2.00000000
  0.92246841   0.84097017   2.00000000
  1.08150250   1.03113453   2.00000000
  0.97264612   0.79893946   2.00000000
  1.15248888   1.01348800   2.00000000
  0.76871957   1.05635512   2.00000000
  0.86459917   0.80832333   2.00000000
  1.05401115   0.88735493   2.00000000
  1.01111844   1.04466035   2.00000000
  0.98299771   0.98091831   2.00000000
  1.00120638   0.93892269   2.00000000
  0.92219184   0.94474244   2.00000000
  0.94056766   1.03655764   2.00000000
  1.11942310   1.10965855   2.00000000
  1.01108871   1.10039898   2.00000000
  0.96148711   0.99846030   2.00000000
  1.02739304   1.01153376   2.00000000
  0.85330149   1.00325824   2.00000000
  0.86015030   1.11101583   2.00000000
  0.93249128   1.12847050   2.00000000
  0.97356092   1.11898974   2.00000000
  1.01832692   0.98192547   2.00000000
  0.88057645   1.14644656   2.00000000
  1.12116701   0.92368947   2.00000000
  1.09832784   1.01795289   2.00000000
  1.03716426   0.93058063   2.00000000
  0.94520840   1.11974239   2.00000000
  1.13719929   0.93063257   2.00000000
  1.05907918   1.02661485   2.00000000
  1.07778770   0.91711448   2.00000000
  0.93246572   0.94334414   2.00000000
  0.97472793   1.13556569   2.00000000
  1.04885893   1.03947618   2.00000000
  1.02406842   0.95290344   2.00000000
  1.05357762   1.11661002   2.00000000
  0.97894041   0.98555501   2.00000000
  0.97796490   1.06618223   2.00000000
  1.03827468   1.03597221   2.00000000
  1.04559521   1.14968387   2.00000000
  0.91003219   0.87564382   2.00000000
  0.98578627   1.07346391   2.00000000
  0.74634044   1.02270045   2.00000000
  0.99811743   1.01365005   2.00000000
  1.09853394   1.05042324   2.00000000
  1.00555142   0.94159094   2.00000000
  0.95446792   0.98183886   2.00000000
  0.86712319   1.00731407   2.00000000
  0.99751427   1.06390121   2.00000000
  1.00190684   1.06114935   2.00000000
  1.02192587   1.05367497   2.00000000
  1.07028930   0.97738764   2.00000000
  0.89198738   1.13868381   2.00000000
  0.94791512   1.10300662   2.00000000
  1.06971625   0.88813451   2.00000000
  0.99590952   1.19517682   2.00000000
  1.17175237   0.96296822   2.00000000
  1.07413926   0.93138484   2.00000000
  0.84398995   0.93141072   2.00000000
  1.11166077   0.97932219   2.00000000
  1.00416523   0.85532787   2.00000000
  0.96890316   0.94241884   2.00000000
  1.01642048   0.95220039   2.00000000
  0.85521374   1.06986353   2.00000000
  1.11364050   0.96466601   2.00000000
  1.06479556   0.90468318   2.00000000
  1.02244038   1.12711104   2.00000000
  1.03255850   1.01019382   2.00000000
  1.11486318   1.01120622   2.00000000
  0.91950092   1.09373437   2.00000000
  0.90772417   1.06398901   2.00000000
  1.18783936   1.06202286   2.00000000
  1.03238390   0.97427713   2.00000000
  0.99074905   1.25469818   2.00000000
  0.96513584   1.12261092   2.00000000
  1.02331145   1.06357367   2.00000000
  0.93896461   1.12080659   2.00000000
  1.12195164   1.11218774   2.00000000
  1.15673336   0.99019471   2.00000000
  0.91702415   0.92480370   2.00000000
  0.87898756   0.99699476   2.00000000
  1.09478555   0.95953437   2.00000000
  1.03497135   1.12824237   2.00000000
  1.14306708   1.05677234   2.00000000
  0.92989624   0.93760753   2.00000000
  1.11484325   1.14298092   2.00000000
  0.82830698   0.98071783   2.00000000
  1.10750598   1.13333272   2.00000000
  1.14102587   0.93425102   2.00000000
  1.07563183   0.89929869   2.00000000
  0.96144140   1.07789905   2.00000000
  1.17791486   1.02214669   2.00000000
  1.07062171   1.23852992   2.00000000
  0.91273125   1.14841229   2.00000000
  0.98901055   1.01180641   2.00000000
  1.00028750   1.15635706   2.00000000
  1.11021705   0.96935620   2.00000000
  1.09035076   0.88591180   2.00000000
  0.91817751   0.91932419   2.00000000
  1.18430450   1.06044338   2.00000000
  0.84146689   1.05487864   2.00000000
  0.95598310   1.05141525   2.00000000
  0.95196671   1.02693083   2.00000000
  1.11553951   0.94185142   2.00000000
  0.95413160   0.86772954   2.00000000
  1.16687296   0.87778631   2.00000000
  1.09290412   0.85580159   2.00000000
  0.95254516   0.98677393   2.00000000
  1.09878440   1.08037723   2.00000000
  0.85429166   1.10351271   2.00000000
  1.01689980   1.16756395   2.00000000
  0.92074240   0.99539073   2.00000000
  0.96796212   1.00639878   2.00000000
  0.82247480   0.97818189   2.00000000
  0.87018931   0.94659639   2.00000000
  1.01052775   1.03873709   2.00000000
  0.86399523   0.85675327   2.00000000
  0.89167426   0.92282866   2.00000000
  0.96418869   0.81043098   2.00000000
  1.10766091   1.13964960   2.00000000
  0.84612783   0.99441910   2.00000000
  1.31283341   0.86388705   2.00000000
  0.99568162   1.31350985   2.00000000
  0.84243841   1.03316645   2.00000000
  0.84465408   1.04739767   2.00000000
  0.91472760   0.86291029   2.00000000
  0.92239447   0.99196637   2.00000000
  1.05460435   0.92659339   2.00000000
  1.04790246   0.99685397   2.00000000
  0.88636585   0.91311159   2.00000000
  1.12405329   0.96780405   2.00000000
  1.08587004   0.86678327   2.00000000
  1.01847029   0.98537962   2.00000000
  1.12846845   0.98336353   2.00000000
  1.01868607   0.93230275   2.00000000
  0.89802879   1.16331355   2.00000000
  1.10898808   1.20588410   2.00000000
  0.84304527   0.94925011   2.00000000
  0.97438477   0.99617615   2.00000000
  0.94091718   1.11638832   2.00000000
  1.19056770   1.05756483   2.00000000
  1.07450097   1.00379078   2.00000000
  0.87912389   1.11749824   2.00000000
  1.04217129   0.92112648   2.00000000
  1.07966833   1.19421226   2.00000000
  1.12858260   0.88702564   2.00000000
  0.98775673   1.07772677   2.00000000
  1.03095898   0.97263125   2.00000000
  0.93427029   0.84891090   2.00000000
  1.15470696   0.95117739   2.00000000
  0.98035522   0.84290672   2.00000000
  0.92247684   0.96887462   2.00000000
  0.85271531   0.85583746   2.00000000
  1.06825755   0.91050818   2.00000000
  0.95236634   0.99000970   2.00000000
  0.97495720   0.91646307   2.00000000
  0.90683474   0.71314232   2.00000000
  0.96928781   0.79885995   2.00000000
  1.00910055   1.07409669   2.00000000
  1.08158112   0.95320381   2.00000000
  1.06512023   0.95175804   2.00000000
  0.97831266   0.80709556   2.00000000
  1.08378622   0.92554859   2.00000000
  1.05150362   0.86177566   2.00000000
  1.07365404   0.92085356   2.00000000
  0.94589375   0.95108264   2.00000000
  1.01203997   0.75658618   2.00000000
  1.05885614   0.97466904   2.00000000
  0.96991461   0.96013396   2.00000000
  0.92878575   1.04994605   2.00000000
  1.01653742   1.07542423   2.00000000
  0.79121594   1.09763904   2.00000000
  0.93251703   1.11210340   2.00000000
  0.81224109   1.23625088   2.00000000
  0.87283832   0.93399349   2.00000000
  1.12879197   1.17449190   2.00000000
  1.05554227   0.91926768   2.00000000
  1.00097857   0.93094492   2.00000000
  1.00521589   0.94675115   2.00000000
  1.11336535   1.00810086   2.00000000
  1.01409648   0.94298055   2.00000000
  1.10850707   1.06443272   2.00000000
  1.03266857   0.94598546   2.00000000
  0.95384130   0.99411412   2.00000000
  1.03995317   0.86096198   2.00000000
  1.05044410   0.99162944   2.00000000
  0.72933486   0.88531107   2.00000000
  1.12900168   1.06654380   2.00000000
  1.12154009   0.91574918   2.00000000
  0.92056705   1.12128154   2.00000000
  0.79159109   1.06415048   2.00000000
  1.13928003   1.04352069   2.00000000
  0.77825633   0.69427420   2.00000000
  1.09537136   0.95548882   2.00000000
  0.85432034   1.10390342   2.00000000
  0.93572546   1.05394515   2.00000000
  1.06767920   0.96981382   2.00000000
  1.12474658   0.84950522   2.00000000
  1.00228085   0.97676316   2.00000000
  1.10066920   1.04291099   2.00000000
  0.86551025   1.10339225   2.00000000
  0.93784781   0.89180482   2.00000000
  1.03122008   0.81372268   2.00000000
  1.12573845   1.13128337   2.00000000
  1.15465959   1.08790648   2.00000000
  1.13012959   1.00002847   2.00000000
  1.07568603   0.87407272   2.00000000
  1.21997511   1.04559593   2.00000000
  0.98357169   0.99681696   2.00000000
  0.97034113   1.02046111   2.00000000
  1.09149018   1.11731758   2.00000000
  1.07731742   1.07248904   2.00000000
  0.96547302   1.14644227   2.00000000
  0.98766209   0.93876881   2.00000000
  1.09667944   0.86099220   2.00000000
  1.15535367   1.00914418   2.00000000
  1.07878925   0.88803546   2.00000000
  0.91101499   1.02186814   2.00000000
  0.92900493   1.02536820   2.00000000
  0.85511491   0.88277373   2.00000000
  0.95717915   0.83886415   2.00000000
  1.06759735   0.82081801   2.00000000
  0.96107884   0.96181306   2.00000000
  0.95843399   0.90264301   2.00000000
  0.92238922   0.84506956   2.00000000
  0.90305159   1.07031320   2.00000000
  0.83394403   1.11162839   2.00000000
  1.00052873   0.96670673   2.00000000
  1.05209234   0.81851558   2.00000000
  0.98657359   1.08053789   2.00000000
  1.03872593   0.96116994   2.00000000
  0.95275326   0.79742064   2.00000000
  0.86255634   0.76071679   2.00000000
  0.83526473   0.97064246   2.00000000
  1.08758914   0.98880091   2.00000000
  1.00869459   0.95501449   2.00000000
  1.14330652   0.91869977   2.00000000
  1.16991626   0.97857715   2.00000000
  0.91572473   1.01447929   2.00000000
  0.80820028   1.13956919   2.00000000
  1.08871135   0.71896968   2.00000000
  1.01559858   0.90384011   2.00000000
  0.97847824   1.12427678   2.00000000
  0.99453222   0.94621319   2.00000000
  1.11599265   1.11706594   2.00000000
  1.05845600   1.14495310   2.00000000
  1.12680610   1.06539165   2.00000000
  0.86345111   1.06256071   2.00000000
  1.01998163   1.14766401   2.00000000
  1.16713994   0.86675910   2.00000000
  0.98972922   0.81988502   2.00000000
  1.16330277   0.92149222   2.00000000
  1.01051131   1.01609805   2.00000000
  1.13565661   0.83620813   2.00000000
  0.95807765   0.89492756   2.00000000
  1.00875408   0.96918658   2.00000000
  1.18759442   1.04327635   2.00000000
  1.12003809   0.90660809   2.00000000
  1.10793616   0.88893380   2.00000000
  0.95417105   0.98696063   2.00000000
  1.19152807   0.75770329   2.00000000
  1.07842429   0.82880297   2.00000000
  0.84358743   0.89796709   2.00000000
  0.85330025   1.13872120   2.00000000
  0.88536019   1.12686681   2.00000000
  1.07678880   0.89897592   2.00000000
  0.92400855   1.05744620   2.00000000
  1.04993233   1.03668699   2.00000000
  0.96746737   1.14228651   2.00000000
  1.09505521   1.03015121   2.00000000
  0.92618485   0.89957491   2.00000000
  0.89543339   0.88785795   2.00000000
  0.82733075   1.11912549   2.00000000
  0.95395642   0.89771592   2.00000000
  0.92233444   1.14706508   2.00000000
  0.98906203   0.87410103   2.00000000
  0.97227418   0.94599560   2.00000000
  0.88740874   1.10178125   2.00000000
  0.99038601   1.11439933   2.00000000
  1.06791950   0.99585621   2.00000000
  1.10799518   1.02055694   2.00000000
  0.88602050   1.13480312   2.00000000
  1.07854588   1.11213872   2.00000000
  1.00673256   0.86494964   2.00000000
  1.04417552   1.19018866   2.00000000
  1.02430647   1.04305757   2.00000000
  0.86211640   1.08717710   2.00000000
  1.13893775   1.06913583   2.00000000
  0.92740063   1.07779895   2.00000000
  0.95765569   1.00950253   2.00000000
  0.90542089   0.98450860   2.00000000
  0.91949803   1.08876725   2.00000000
  0.91069735   1.00851482   2.00000000
  0.90712652   1.06363100   2.00000000
  1.07363021   0.97941244   2.00000000
  0.91978460   0.84059819   2.00000000
  0.83150545   1.05869767   2.00000000
  0.84236467   1.07539853   2.00000000
  1.19858767   1.20762206   2.00000000
  1.23128393   0.95275823   2.00000000
  0.98783185   1.24435133   2.00000000
  0.99239967   0.95546146   2.00000000
  1.04453066   0.86086374   2.00000000
  1.17220085   1.04056543   2.00000000
  1.01406174   0.99503028   2.00000000
  0.98239582   1.04624790   2.00000000
  0.80700181   0.97638959   2.00000000
  0.96824568   1.09330511   2.00000000
  0.97009246   0.88732902   2.00000000
  0.94167310   0.92665195   2.00000000
  0.78403809   1.00921147   2.00000000
  1.01970851   1.04332542   2.00000000
  1.01971401   1.07652614   2.00000000
  0.93326802   1.05206408   2.00000000
  1.19418311   0.91622348   2.00000000
  0.84820464   0.86715824   2.00000000
  1.10595853   1.01070871   2.00000000
  0.91839351   1.00527479   2.00000000
  1.11464694   0.96500269   2.00000000
  0.90229014   0.93434123   2.00000000
  0.93110845   1.13995010   2.00000000
  0.99876345   0.99349768   2.00000000
  0.76971730   1.00389437   2.00000000
  1.04060383   0.94350593   2.00000000
  0.90938941   0.86601268   2.00000000
  0.95246394   1.02387182   2.00000000
  1.02556910   1.05466995   2.00000000
  0.81314907   0.90508151   2.00000000
  1.12870089   0.84580288   2.00000000
  0.97811758   0.93179597   2.00000000
  0.94154497   1.11718337   2.00000000
  1.05869171   1.03079604   2.00000000
  1.03767363   1.14298505   2.00000000
  1.00894188   1.07134186   2.00000000
  1.04629558   1.02452342   2.00000000
  0.93431525   0.94917663   2.00000000
  0.89497569   0.88757418   2.00000000
  0.97560738   0.93975624   2.00000000
  1.20419285   1.00837451   2.00000000
  0.95499801   1.05945534   2.00000000
  0.91390411   0.99247824   2.00000000
  1.01619723   0.99770979   2.00000000
  0.88412958   1.07266873   2.00000000
  0.90280897   0.91118946   2.00000000
  1.04539527   0.94254213   2.00000000
  0.93673993   1.06701491   2.00000000
  0.97331615   1.07954564   2.00000000
  1.00819802   1.02506004   2.00000000
  0.93005333   0.89910775   2.00000000
  0.90257417   1.03054604   2.00000000
  0.90666341   1.01991390   2.00000000
  0.96290287   1.05784110   2.00000000
  1.09163597   1.04420249   2.00000000
  1.01587242   1.00258366   2.00000000
  1.03480930   1.09594224   2.00000000
  0.95410885   1.05759949   2.00000000
  1.05348300   1.02889413   2.00000000
  1.19173024   1.01355924   2.00000000
  0.97783691   0.81703743   2.00000000
  1.00809835   1.21638743   2.00000000
  0.94632274   0.99734324   2.00000000
  1.00711557   1.08247081   2.00000000
  0.83970896   1.09689702   2.00000000
  0.96497452   0.99927631   2.00000000
  0.80340782   1.04817367   2.00000000
  0.92587730   0.96932691   2.00000000
  0.99438494   1.12195061   2.00000000
  1.12479928   1.04542262   2.00000000
  0.85158952   0.93567756   2.00000000
  0.86487269   1.16646759   2.00000000
  0.80104082   1.13669531   2.00000000
  1.03416020   1.11589397   2.00000000
  0.86759566   0.94793743   2.00000000
  1.00233384   0.93538843   2.00000000
  1.00487131   0.88670090   2.00000000
  1.12347746   0.94229929   2.00000000
  0.99029744   1.12263804   2.00000000
  1.00103398   0.99726431   2.00000000
  1.16475438   0.98092687   2.00000000
  0.97169985   0.98261827   2.00000000
  1.13405387   1.00032282   2.00000000
  0.87444616   0.89069472   2.00000000
  1.03631282   1.01402631   2.00000000
  0.97464959   0.99841045   2.00000000
  1.20935882   0.82793152   2.00000000
  1.19405767   0.96761017   2.00000000
  0.93119691   0.92739475   2.00000000
  1.02062976   1.07586075   2.00000000
  0.91201535   0.94365445   2.00000000
  0.89080896   1.10785103   2.00000000
  0.95077674   0.97256436   2.00000000
  0.89549798   0.75173219   2.00000000
  0.94826440   1.00398864   2.00000000
  1.07307419   1.08059008   2.00000000
  0.87427009   0.82162762   2.00000000
  1.08496501   1.01622654   2.00000000
  1.02518845   1.09856093   2.00000000
  0.98208709   1.06685325   2.00000000
  1.04920777   0.77628802   2.00000000
  0.85498792   1.10106252   2.00000000
  0.84272906   1.05508547   2.00000000
  1.08247533   1.16916229   2.00000000
  1.06098102   1.15766115   2.00000000
  0.89416511   1.03980003   2.00000000
  1.07159328   0.96595154   2.00000000
  0.99611889   0.99942494   2.00000000
  0.99906708   1.00844623   2.00000000
  0.95395854   0.84712109   2.00000000
  1.00733692   0.99283877   2.00000000
  0.86251543   1.02961675   2.00000000
  0.95701758   0.90149094   2.00000000
  1.07596403   0.92994894   2.00000000
  1.02440910   1.02785343   2.00000000
  0.82118730   0.99910032   2.00000000
  1.00372464   0.88884015   2.00000000
  1.01932917   0.93730060   2.00000000
  1.01004912   0.96076873   2.00000000
  0.80288799   0.96577101   2.00000000
  0.91935902   1.04452100   2.00000000
  1.08531969   1.11769883   2.00000000
  1.03691016   1.00351797   2.00000000
  1.02558130   0.98498508   2.00000000
  1.00097466   0.77994293   2.00000000
  0.91932888   1.13755716   2.00000000
  0.98952368   1.02103131   2.00000000
  1.03089904   1.05242614   2.00000000
  0.87811844   1.07306162   2.00000000
  1.03429085   0.96117130   2.00000000
  0.83272742   0.96792636   2.00000000
  0.94635121   0.94252267   2.00000000
  1.02876162   0.93224902   2.00000000
  0.96627096   0.86560478   2.00000000
  0.97887128   0.98406769   2.00000000
  1.03802766   0.87976354   2.00000000
  1.12229195   0.99586613   2.00000000
  0.78390394   0.94827233   2.00000000
  0.90788178   1.04514671   2.00000000
  1.02687132   0.98075911   2.00000000
  1.03039278   1.05530945   2.00000000
  1.07616049   0.78835493   2.00000000
  1.02394559   1.02805766   2.00000000
  1.01001143   0.80101956   2.00000000
  0.97620252   0.94171459   2.00000000
  0.89190088   0.99053937   2.00000000
  0.89835796   0.92335027   2.00000000
  0.89965240   1.00070029   2.00000000
  0.88392522   1.03885748   2.00000000
  0.93655528   1.05860593   2.00000000
  0.97129996   1.03672274   2.00000000
  0.88907597   1.07401003   2.00000000
  1.18574814   1.04166209   2.00000000
  0.94900228   0.89750682   2.00000000
  0.99693137   1.00926371   2.00000000
  0.88287178   1.03776078   2.00000000
  0.88545115   1.00170812   2.00000000
  1.01996498   1.11761448   2.00000000
  0.97134770   1.03751542   2.00000000
  1.00600109   0.97190724   2.00000000
  0.94725131   1.09895392   2.00000000
  0.96546020   1.18175921   2.00000000
  1.09687740   0.80357121   2.00000000
  1.15199338   1.01429621   2.00000000
  1.03910893   0.96349479   2.00000000
  0.95554264   0.88721862   2.00000000
  1.01572846   0.76665788   2.00000000
  1.10265217   0.98600316   2.00000000
  1.03184867   0.84412909   2.00000000
  0.97964918   0.98172301   2.00000000
  1.09529741   0.93723494   2.00000000
  1.11350307   1.02030493   2.00000000
  0.96908607   0.90122293   2.00000000
  0.97040412   1.02153756   2.00000000
  1.03404147   1.02008204   2.00000000
  1.05367575   0.89701994   2.00000000
  1.06781374   1.01869087   2.00000000
  0.81914954   1.06788157   2.00000000
  0.96913561   1.06124480   2.00000000
  0.92916167   1.03084846   2.00000000
  1.06369009   0.95216947   2.00000000
  0.99223878   0.75832067   2.00000000
  0.96705893   0.98633936   2.00000000
  1.20753082   1.04697580   2.00000000
  0.84506018   1.08194289   2.00000000
  1.12758210   0.98728421   2.00000000
  1.00859365   0.97593992   2.00000000
  0.91613454   1.01742820   2.00000000
  0.92071218   1.06998083   2.00000000
  1.10574802   0.95546460   2.00000000
  0.95284745   1.10289194   2.00000000
  1.09942384   1.11638330   2.00000000
  1.00216488   0.87988249   2.00000000
  1.01871956   1.01624755   2.00000000
  0.97792353   0.86706070   2.00000000
  1.04837291   0.81891323   2.00000000
  0.93358726   0.91269544   2.00000000
  0.97918649   0.92686971   2.00000000
  1.23050827   0.89483762   2.00000000
  0.88694368   1.05432370   2.00000000
  0.86271668   1.01386919   2.00000000
  1.08811369   1.11857666   2.00000000
  1.08132704   1.20769404   2.00000000
  0.89719221   0.99268992   2.00000000
  0.93605106   0.84498664   2.00000000
  0.97028354   0.81484889   2.00000000
  0.98507170   1.07077765   2.00000000
  1.19038171   1.01875851   2.00000000
  1.03162717   0.87195845   2.00000000
  1.11125201   1.03083923   2.00000000
  0.98128105   1.13048234   2.00000000
  1.00279851   1.09665972   2.00000000
  0.99573460   0.88252107   2.00000000
  1.00655457   1.10989097   2.00000000
  1.02674034   1.06558715   2.00000000
  0.95380947   1.02805497   2.00000000
  0.95328849   1.01453787   2.00000000
  0.85343645   0.79723948   2.00000000
  1.00744664   0.92287244   2.00000000
  1.02061327   0.94108250   2.00000000
  0.94206633   1.03515476   2.00000000
  1.10675572   0.98210003   2.00000000
  0.90771253   1.06615770   2.00000000
  1.00661319   0.97961214   2.00000000
  1.00135022   0.95291666   2.00000000
  1.14530338   1.02350093   2.00000000
  0.84662061   1.01279647   2.00000000
  1.03476568   1.12833558   2.00000000
  1.02716489   0.98784015   2.00000000
  0.81107598   1.04602551   2.00000000
  1.01754970   0.92953661   2.00000000
  1.02402083   1.04844095   2.00000000
  0.92130433   1.19873284   2.00000000
  1.04583206   0.92894467   2.00000000
  0.86111802   0.88110701   2.00000000
  0.96592049   1.12623344   2.00000000
  1.09511891   1.16900121   2.00000000
  0.97678665   0.93887369   2.00000000
  0.98758831   1.09383605   2.00000000
  0.96934873   1.05430778   2.00000000
  0.98361712   0.92181140   2.00000000
  0.87923935   1.02522940   2.00000000
  0.85239019   1.14955638   2.00000000
  0.99287338   0.97112027   2.00000000
  1.09685197   1.20607671   2.00000000
  1.16372959   1.06393582   2.00000000
  1.12799275   0.89436167   2.00000000
  1.08883631   0.83282849   2.00000000
  1.02273342   1.07749367   2.00000000
  1.06829330   1.00304524   2.00000000
  0.93127642   0.96185785   2.00000000
  0.86700156   1.19030608   2.00000000
  1.00582122   0.95712869   2.00000000
  0.91127914   1.14723007   2.00000000
  1.13723375   0.99381616   2.00000000
  0.98791386   0.97619265   2.00000000
  1.06660329   1.01906832   2.00000000
  1.05335356   1.09233166   2.00000000
  1.17595855   0.97585561   2.00000000
  1.02523880   0.90868800   2.00000000
  0.83911501   1.09481389   2.00000000
  0.96238526   1.08240578   2.00000000
  0.96327635   1.02393492   2.00000000
  1.11158955   1.02682747   2.00000000
  0.99678192   0.93082497   2.00000000
  1.07828583   1.00214350   2.00000000
  1.00126655   0.95124564   2.00000000
  0.92494330   0.96800265   2.00000000
  0.96029596   0.80431928   2.00000000
  1.00527381   1.00095849   2.00000000
  1.05542839   1.02299899   2.00000000
  1.10604269   0.88990144   2.00000000
  1.07079019   1.09202307   2.00000000
  1.04437121   1.04182534   2.00000000
  0.96333044   1.11074143   2.00000000
  0.85313492   0.95728478   2.00000000
  0.96970736   0.97788049   2.00000000
  1.14055254   1.00578100   2.00000000
  1.01637726   0.86555642   2.00000000
  1.01493225   0.87081389   2.00000000
  0.87659362   0.91679182   2.00000000
  0.87644494   0.89352339   2.00000000
  0.93418274   1.08828843   2.00000000
  0.98385033   1.03377837   2.00000000
  1.13028260   0.88612954   2.00000000
  1.01819640   1.03190720   2.00000000
  0.91660013   0.97194081   2.00000000
  1.12089823   1.02138814   2.00000000
  1.03439525   0.94854435   2.00000000
  0.96522889   1.06292697   2.00000000
  0.92810293   0.81211105   2.00000000
  1.04822553   0.93172181   2.00000000
  0.85729602   1.03331254   2.00000000
  1.16778964   0.99632095   2.00000000
  0.96278511   1.20756548   2.00000000
  1.00570608   1.10680970   2.00000000
  0.97041130   1.16408524   2.00000000
  1.26414132   0.82841010   2.00000000
  0.94162581   1.01702077   2.00000000
  1.10587853   0.94651095   2.00000000
  1.12037094   1.07467051   2.00000000
  1.26929698   0.96883840   2.00000000
  0.84359687   0.85421343   2.00000000
  1.10004940   0.94377979   2.00000000
  0.98825927   1.00449044   2.00000000
  0.90546195   0.85253124   2.00000000
  0.92806091   1.05750604   2.00000000
  1.21700072   0.96040604   2.00000000
  1.02469304   1.03983250   2.00000000
  1.13194045   0.94019099   2.00000000
  1.07299123   0.88379961   2.00000000
  1.11478454   0.91269183   2.00000000
  0.98496370   0.92455693   2.00000000
  1.16702717   0.95730105   2.00000000
  0.94150148   1.01908281   2.00000000
  0.88927980   0.88079759   2.00000000
  0.95075726   1.00058404   2.00000000
  0.93756761   1.06623062   2.00000000
  0.95592176   1.05754940   2.00000000
  0.95932150   0.95577399   2.00000000
  1.06369312   1.09059921   2.00000000
  0.85014525   1.09576678   2.00000000
  0.91676144   1.07099433   2.00000000
  0.91412865   1.00979532   2.00000000
  0.97442316   0.96581552   2.00000000
  0.99907649   0.92545228   2.00000000
  0.90172229   1.12595812   2.00000000
  0.89681875   0.98588551   2.00000000
  1.11159495   0.83554387   2.00000000
  1.04262724   0.97664220   2.00000000
  0.81721043   1.05724437   2.00000000
  0.93025211   0.87784151   2.00000000
  0.93971264   1.08771438   2.00000000
  1.09118412   1.02672800   2.00000000
  0.94920731   1.05438971   2.00000000
  1.02432813   1.01514994   2.00000000
  0.81867926   1.17099999   2.00000000
  1.01204963   0.88253630   2.00000000
  0.99175961   0.88583637   2.00000000
  0.98998927   1.13184707   2.00000000
  0.96015037   0.76334778   2.00000000
  0.97625639   0.98400565   2.00000000
  1.05901085   0.95033012   2.00000000
  1.00122028   0.99881793   2.00000000
  1.22154112   0.93067999   2.00000000
  0.88836516   0.98375435   2.00000000
  1.00951919   1.09919453   2.00000000
  0.89894795   0.98163747   2.00000000
  0.88356947   1.22340456   2.00000000
  1.01281630   1.00117644   2.00000000
  0.96875220   0.92584249   2.00000000
  0.86567911   1.12282194   2.00000000
  1.24302218   1.03845568   2.00000000
  1.23867527   1.12757540   2.00000000
  0.89044576   0.99451255   2.00000000
  0.94309021   0.90790205   2.00000000
  0.96148932   1.03694216   2.00000000
  1.20589089   0.84956194   2.00000000
  0.88503769   0.86914274   2.00000000
  1.08812264   0.93856335   2.00000000
  1.19724930   1.06931343   2.00000000
  1.03611716   0.92222203   2.00000000
  1.03075559   1.20917490   2.00000000
  0.95287011   0.94157426   2.00000000
  1.12397706   1.10125807   2.00000000
  1.07638942   1.13706675   2.00000000
  1.15316341   0.97542022   2.00000000
  1.06427957   1.03601165   2.00000000
  1.07058534   1.07820405   2.00000000
  0.88557228   0.86791073   2.00000000
  1.03470685   0.95315858   2.00000000
  1.01766434   0.79333585   2.00000000
  1.05621939   0.89183906   2.00000000
  0.92795046   1.07562260   2.00000000
  1.02479558   1.12101551   2.00000000
  0.92915432   1.09702966   2.00000000
  0.91792873   0.95396615   2.00000000
  1.09746409   0.87916795   2.00000000
  1.06514298   1.05268655   2.00000000
  1.12466551   0.82911405   2.00000000
  0.88126092   0.86995402   2.00000000
  1.09000606   1.00657006   2.00000000
  1.21112502   1.01473545   2.00000000
  0.92776637   1.11784584   2.00000000
  0.90975017   0.85735111   2.00000000
  1.10269136   1.12433746   2.00000000
  0.99897627   1.05677405   2.00000000
  1.16260673   0.90685069   2.00000000
  1.00798517   1.09066200   2.00000000
  0.97716313   0.98726244   2.00000000
  1.06704566   0.94289970   2.00000000
  0.96070871   0.80591668   2.00000000
  0.91278225   1.12296095   2.00000000
  0.92796257   1.05474655   2.00000000
  0.99876590   1.04214186   2.00000000
  1.02026186   1.05174664   2.00000000
  1.08556782   1.08937352   2.00000000
  1.00914737   1.09628215   2.00000000
  0.96690731   1.11158276   2.00000000
  0.94121123   0.83169952   2.00000000
  0.86500182   1.00280101   2.00000000
  1.03368945   1.02592021   2.00000000
  0.94752346   1.23178905   2.00000000
  0.93890237   0.94519738   2.00000000
  1.00277941   0.99629226   2.00000000
  0.88303407   1.11185261   2.00000000
  1.14549817   0.98808997   2.00000000
  1.00542095   0.86967927   2.00000000
  0.90676432   1.22134354   2.00000000
  0.90546796   0.89705722   2.00000000
  0.83520799   1.01572614   2.00000000
  1.08312003   1.14151357   2.00000000
  1.01224607   1.22803894   2.00000000
  1.12512838   1.05762199   2.00000000
  0.86829433   1.06053486   2.00000000
  1.06242627   1.01929226   2.00000000
  1.01538172   1.01726776   2.00000000
  0.98210282   0.92064420   2.00000000
  0.97159154   1.07871968   2.00000000
  1.08332175   0.92609594   2.00000000
  1.05059660   0.86485038   2.00000000
  0.87076968   0.92207994   2.00000000
  1.08757176   1.05701343   2.00000000
  0.92371489   0.88978053   2.00000000
  1.08307117   0.93725945   2.00000000
  0.95202442   1.11885946   2.00000000
  1.05629640   0.91123534   2.00000000
  0.80122214   1.09502744   2.00000000
  0.98671319   0.93444127   2.00000000
  0.91193328   0.95877203   2.00000000
  0.91233816   0.91350950   2.00000000
  0.84677893   1.08723553   2.00000000
  0.97127755   1.08115431   2.00000000
  1.11597827   0.81796425   2.00000000
  1.04787421   0.88532731   2.00000000
  1.07076088   1.02487222   2.00000000
  0.95094341   1.18641173   2.00000000
  1.04957596   1.22295347   2.00000000
  1.00075777   0.93030738   2.00000000
  1.05611118   1.11364215   2.00000000
  1.03432677   1.16622741   2.00000000
  1.04478828   1.15234071   2.00000000
  0.95870895   0.92444144   2.00000000
  0.85868479   0.96357118   2.00000000
  1.07865651   0.83011117   2.00000000
  0.96256604   0.91328547   2.00000000
  1.12307719   0.96482100   2.00000000
  0.90471349   1.01797363   2.00000000
  1.12654223   1.09859755   2.00000000
  0.99078201   1.12662123   2.00000000
  1.09288704   1.16762153   2.00000000
  1.08928450   1.09540036   2.00000000
  1.04185175   1.02475311   2.00000000
  1.09613209   1.08743125   2.00000000
  1.04535261   1.07866684   2.00000000
  1.07810555   1.09833522   2.00000000
  1.12486611   0.92610579   2.00000000
  1.00655458   0.86538846   2.00000000
  0.92173672   1.01108118   2.00000000
  1.12690653   1.30813782   2.00000000
  0.96141274   0.92249319   2.00000000
  0.99581435   1.06396110   2.00000000
  0.84664248   0.91312418   2.00000000
  0.96872525   0.99739023   2.00000000
  0.94226441   1.00475650   2.00000000
  1.06846646   1.05330950   2.00000000
  1.11052754   0.99447113   2.00000000
  0.90335475   0.81516021   2.00000000
  0.91203306   1.08312270   2.00000000
  0.96292291   1.10983312   2.00000000
  1.02150163   1.18902786   2.00000000
  1.04041151   1.01750583   2.00000000
  1.14459540   1.04193560   2.00000000
  1.07094229   1.04494077   2.00000000
  0.95316741   1.06947027   2.00000000
  0.90665704   1.01108685   2.00000000
  0.99251852   0.94852590   2.00000000
  1.01179823   0.89495559   2.00000000
  1.04386882   1.12627251   2.00000000
  0.97419423   0.96233547   2.00000000
  0.87507265   1.00050461   2.00000000
  0.99016495   1.11946802   2.00000000
  0.95180101   1.04600613   2.00000000
  0.93839630   0.95034961   2.00000000
  1.09000220   0.79400005   2.00000000
  1.05787764   0.93528410   2.00000000
  1.11331258   1.09385808   2.00000000
  1.18039339   0.89988638   2.00000000
  0.89927566   1.06270563   2.00000000
  0.96898196   0.81456897   2.00000000
  1.00653595   0.78829632   2.00000000
  0.89684015   0.92226340   2.00000000
  1.09987044   0.92003969   2.00000000
  1.18363113   1.00626615   2.00000000
  0.83627326   0.98357757   2.00000000
  0.96045969   1.09669964   2.00000000
  1.03652103   1.17213320   2.00000000
  0.93668422   0.97186356   2.00000000
  0.90180198   0.82619870   2.00000000
  0.90003983   0.94534893   2.00000000
  0.89476628   0.92322824   2.00000000
  0.98517148   1.08574248   2.00000000
  1.01540935   1.02060662   2.00000000
  0.92501717   1.05147371   2.00000000
  0.84955975   1.08887697   2.00000000
  1.20429491   0.92394485   2.00000000
  1.22949348   1.09517042   2.00000000
  1.04316429   1.19390203   2.00000000
  0.97598513   0.97151245   2.00000000
  1.21065462   0.96586946   2.00000000
  1.15456820   0.94028038   2.00000000
  0.94037958   0.93093004   2.00000000
  0.91002630   0.85171874   2.00000000
  1.02243502   1.01180080   2.00000000
  0.88387515   1.10556036   2.00000000
  1.02849151   1.21163346   2.00000000
  0.93368874   0.96577330   2.00000000
  1.07720928   0.75014399   2.00000000
  0.94779436   1.00037827   2.00000000
  1.10751661   1.09377892   2.00000000
  0.94205806   1.02807308   2.00000000
  1.24894340   1.10857033   2.00000000
  1.11226263   1.07941489   2.00000000
  1.07800571   1.00508618   2.00000000
  0.98722564   1.00045511   2.00000000
  0.78155939   0.89099969   2.00000000
  0.94845110   0.93675075   2.00000000
  1.05280879   0.89158687   2.00000000
  1.08180376   0.93686610   2.00000000
  0.93976550   0.79454612   2.00000000
  0.97600169   0.89914259   2.00000000
  1.12282662   0.85257875   2.00000000
  0.79625500   0.84232825   2.00000000
  0.91055324   0.80316545   2.00000000
  1.01314465   1.03851211   2.00000000
  1.18772894   0.85837101   2.00000000
  1.03282602   0.91708188   2.00000000
  1.10632530   1.06229631   2.00000000
  1.04705837   1.18741655   2.00000000
  0.91176526   1.12026156   2.00000000
  1.16011317   1.03889555   2.00000000
  0.99122177   1.00038410   2.00000000
  0.98202151   1.04396871   2.00000000
  0.93611317   0.99845342   2.00000000
  0.95993625   1.00375876   2.00000000
  1.04245459   0.89193898   2.00000000
  1.07141819   1.15741807   2.00000000
  1.09104349   1.14373411   2.00000000
  0.93687777   1.05092533   2.00000000
  0.96333630   1.00973969   2.00000000
  0.80484064   0.99692868   2.00000000
  0.92126567   1.12266725   2.00000000
  0.87179675   0.73061586   2.00000000
  0.87658647   0.94662932   2.00000000
  1.05720031   0.65865925   2.00000000
  1.04221360   0.84020716   2.00000000
  1.10774226   0.99640784   2.00000000
  0.77426867   0.96576507   2.00000000
  1.00981182   1.01189106   2.00000000
  0.75603689   1.06194526   2.00000000
  1.00928240   1.02500533   2.00000000
  0.94903686   0.82823273   2.00000000
  1.07692424   1.10532562   2.00000000
  0.90691031   0.99803088   2.00000000
  0.83243134   0.97964647   2.00000000
  0.88480710   1.11085040   2.00000000
  0.92083526   1.03651888   2.00000000
  0.73705888   0.91681701   2.00000000
  0.97126086   0.89785374   2.00000000
  1.30178388   1.03064126   2.00000000
  0.92961927   1.02459141   2.00000000
  1.06360042   1.03160523   2.00000000
  1.14208276   1.02723279   2.00000000
  1.04217873   0.90213502   2.00000000
  1.02147370   1.02230243   2.00000000
  0.98813459   1.03461180   2.00000000
  1.07217061   0.94095271   2.00000000
  1.05925961   1.08133505   2.00000000
  0.96012289   0.88973609   2.00000000
  1.07834210   0.86906603   2.00000000
  1.13319799   1.03213289   2.00000000
  1.03248311   0.97844933   2.00000000
  1.05961264   0.96359194   2.00000000
  0.88910524   1.09137251   2.00000000
  0.99916184   1.00206920   2.00000000
  0.94565168   1.11012257   2.00000000
  1.01257371   0.85396698   2.00000000
  1.01074765   1.11134302   2.00000000
  1.10060384   0.95249691   2.00000000
  0.88812349   0.81674549   2.00000000
  1.05448129   1.02986876   2.00000000
  1.00403209   0.83521487   2.00000000
  0.94732523   1.14498033   2.00000000
  0.98494700   0.94620287   2.00000000
  1.11732110   0.98309488   2.00000000
  1.05856842   0.99575249   2.00000000
  1.05296568   0.95090560   2.00000000
  0.99895001   0.96977780   2.00000000
  0.92828075   1.12944797   2.00000000
  1.02756164   1.10349890   2.00000000
  0.99997978   0.99162562   2.00000000
  1.02356530   1.12224834   2.00000000
  1.17810005   1.15905620   2.00000000
  1.08636463   0.87202799   2.00000000
  1.19543759   1.12000121   2.00000000
  0.92789792   0.90246129   2.00000000
  1.11050566   0.92298285   2.00000000
  0.96660577   1.02001989   2.00000000
  1.17319480   1.05599271   2.00000000
  1.04166463   0.99901677   2.00000000
  0.97947395   1.04038996   2.00000000
  1.02919147   0.85205947   2.00000000
  1.24023441   1.12636271   2.00000000
  1.11813977   0.92758807   2.00000000
  1.16110886   1.03746724   2.00000000
  1.00654104   1.22069610   2.00000000
  1.10071722   0.94837680   2.00000000
  1.10235470   0.98445383   2.00000000
  0.87777725   0.90526693   2.00000000
  0.84995378   1.06532441   2.00000000
  1.08409466   0.89798294   2.00000000
  0.88344756   1.01509423   2.00000000
  1.08998479   0.90885679   2.00000000
  0.98850330   1.03417935   2.00000000
  0.81319167   0.87594665   2.00000000
  0.87313619   1.03243653   2.00000000
  0.93916059   0.98811277   2.00000000
  0.99595888   1.18669420   2.00000000
